3186.00
3192.00
3174.00
3165.00
3177.00
3189.00
3158.00
3174.00
3164.00
3162.00
3147.00
3162.00
3158.00
3161.00
3153.00
3153.00
3157.00
3161.00
3144.00
3138.00
3140.00
3146.00
3107.00
3125.00
3129.00
3135.00
3178.00
3189.00
3186.00
3182.00
3110.00
3112.00
3124.00
3093.00
3096.00
3110.00
3087.00
3088.00
3070.00
3077.00
3088.00
3073.00
3078.00
3080.00
3078.00
3068.00
3047.00
3075.00
3070.00
3043.00
3047.00
3082.00
3048.00
3027.00
3075.00
3067.00
3050.00
3039.00
3119.00
3036.00
3011.00
3016.00
3004.00
2983.00
2987.00
2993.00
3055.00
3097.00
3086.00
3121.00
3093.00
3085.00
3081.00
3076.00
3078.00
3113.00
3071.00
3070.00
3132.00
3134.00
3136.00
3107.00
3122.00
3124.00
3137.00
3101.00
3095.00
3113.00
3111.00
3084.00
3133.00
3127.00
3142.00
3128.00
3161.00
3146.00
3135.00
3132.00
3125.00
3153.00
3139.00
3142.00
3137.00
3123.00
3118.00
3134.00
3119.00
3111.00
3133.00
3105.00
3120.00
3112.00
3122.00
3122.00
3114.00
3109.00
3131.00
3115.00
3149.00
3149.00
3143.00
3125.00
3162.00
3160.00
3147.00
3198.00
3219.00
3233.00
3240.00
3244.00
3243.00
3273.00
3276.00
3278.00
3301.00
3298.00
3294.00
3309.00
3303.00
3309.00
3306.00
3308.00
3305.00
3317.00
3370.00
3300.00
3306.00
3320.00
3303.00
3304.00
3288.00
3278.00
3297.00
3281.00
3282.00
3281.00
3294.00
3262.00
3306.00
3267.00
3241.00
3268.00
3246.00
3259.00
3254.00
3258.00
3242.00
3239.00
3246.00
3268.00
3274.00
3226.00
3242.00
3214.00
3186.00
3191.00
3178.00
3167.00
3153.00
3161.00
3128.00
3142.00
3126.00
3152.00
3147.00
3137.00
3151.00
3141.00
3105.00
3154.00
3123.00
3125.00
3116.00
3115.00
3102.00
3132.00
3122.00
3131.00
3131.00
3130.00
3116.00
3135.00
3135.00
3152.00
3124.00
3130.00
3130.00
3119.00
3135.00
3123.00
3127.00
3106.00
3120.00
3120.00
3113.00
3111.00
3118.00
3125.00
3123.00
3123.00
3120.00
3119.00
3116.00
3084.00
3095.00
3122.00
3119.00
3114.00
3141.00
3140.00
3147.00
3135.00
3159.00
3153.00
3139.00
3171.00
3152.00
3148.00
3150.00
3156.00
3152.00
3154.00
3169.00
3169.00
3178.00
3172.00
3154.00
3191.00
3178.00
3184.00
3206.00
3196.00
3224.00
3227.00
3227.00
3218.00
3229.00
3225.00
3233.00
3244.00
3253.00
3237.00
3244.00
3260.00
3242.00
3254.00
3227.00
3224.00
3226.00
3212.00
3218.00
3219.00
3224.00
3201.00
3212.00
3212.00
3194.00
3210.00
3206.00
3202.00
3178.00
3190.00
3203.00
3200.00
3178.00
3191.00
3199.00
3212.00
3198.00
3232.00
3226.00
3212.00
3200.00
3207.00
3208.00
3196.00
3223.00
3225.00
3218.00
3220.00
3238.00
3230.00
3229.00
3238.00
3235.00
3248.00
3237.00
3251.00
3253.00
3257.00
3228.00
3237.00
3249.00
3266.00
3258.00
3248.00
3264.00
3267.00
3262.00
3267.00
3275.00
3279.00
3274.00
3269.00
3289.00
3274.00
3292.00
3291.00
3319.00
3319.00
3318.00
3328.00
3344.00
3331.00
3351.00
3353.00
3353.00
3340.00
3375.00
3371.00
3381.00
3366.00
3403.00
3409.00
3401.00
3397.00
3403.00
3414.00
3394.00
3412.00
3392.00
3400.00
3387.00
3381.00
3403.00
3394.00
3414.00
3418.00
3414.00
3406.00
3393.00
3391.00
3421.00
3406.00
3430.00
3413.00
