2762.00
2766.00
2766.00
2767.00
2776.00
2839.00
2879.00
2847.00
2828.00
2835.00
2846.00
2779.00
2930.00
2872.00
2939.00
2918.00
2900.00
2976.00
2887.00
2780.00
2768.00
2806.00
2833.00
2774.00
2822.00
2821.00
2820.00
2837.00
2810.00
2851.00
2832.00
2834.00
2861.00
2859.00
2841.00
2871.00
2841.00
2857.00
2857.00
2857.00
2873.00
2849.00
2843.00
2859.00
2833.00
2863.00
2866.00
2860.00
2825.00
2854.00
2829.00
2864.00
2849.00
2847.00
2860.00
2860.00
2867.00
2861.00
2843.00
2849.00
2860.00
2862.00
2874.00
2858.00
2870.00
2855.00
2859.00
2855.00
2850.00
2866.00
2865.00
2872.00
2846.00
2848.00
2850.00
2855.00
2858.00
2870.00
2873.00
2866.00
2870.00
2842.00
2860.00
2854.00
2858.00
2861.00
2866.00
2855.00
2865.00
2846.00
2866.00
2848.00
2867.00
2855.00
2853.00
2860.00
2841.00
2856.00
2865.00
2853.00
2878.00
2867.00
2833.00
2880.00
2879.00
2871.00
2848.00
2867.00
2873.00
2868.00
2887.00
2854.00
2883.00
2882.00
2869.00
2894.00
2890.00
2883.00
2880.00
2880.00
2914.00
2902.00
2899.00
2897.00
2894.00
2875.00
2891.00
2897.00
2899.00
2910.00
2893.00
2884.00
2919.00
2883.00
2919.00
2899.00
2910.00
2905.00
2881.00
2901.00
2895.00
2904.00
2900.00
2901.00
2893.00
2895.00
2884.00
2885.00
2899.00
2899.00
2883.00
2895.00
2877.00
2883.00
2879.00
2876.00
2867.00
2868.00
2875.00
2884.00
2875.00
2887.00
2874.00
2878.00
2877.00
2862.00
2838.00
2875.00
2856.00
2868.00
2879.00
2872.00
2866.00
2875.00
2864.00
2863.00
2860.00
2862.00
2872.00
2868.00
2852.00
2869.00
2876.00
2866.00
2871.00
2883.00
2871.00
2888.00
2889.00
2873.00
2882.00
2871.00
2885.00
2885.00
2879.00
2884.00
2877.00
2870.00
2880.00
2887.00
2892.00
2874.00
2881.00
2870.00
2878.00
2869.00
2894.00
2884.00
2894.00
2884.00
2892.00
2901.00
2896.00
2906.00
2885.00
2901.00
2893.00
2902.00
2906.00
2897.00
2905.00
2914.00
2898.00
2900.00
2917.00
2898.00
2889.00
2906.00
2907.00
2881.00
2898.00
2886.00
2926.00
2919.00
2914.00
2907.00
2892.00
2898.00
2908.00
2913.00
2917.00
2909.00
2898.00
2904.00
2919.00
2915.00
2896.00
2902.00
2899.00
2895.00
2916.00
2897.00
2893.00
2901.00
2918.00
2918.00
2931.00
2924.00
2927.00
2918.00
2914.00
2915.00
2933.00
2905.00
2932.00
2921.00
2925.00
2927.00
2928.00
2931.00
2925.00
2932.00
2952.00
2927.00
2926.00
2924.00
2936.00
2944.00
2923.00
2920.00
2952.00
2944.00
2936.00
2932.00
2933.00
2926.00
2944.00
2941.00
2946.00
2954.00
2953.00
2962.00
2969.00
2958.00
2958.00
2964.00
2961.00
2961.00
2958.00
2957.00
2956.00
2952.00
2957.00
2950.00
2928.00
2939.00
2929.00
2953.00
2939.00
2945.00
2933.00
2955.00
2926.00
2942.00
2952.00
2954.00
2953.00
2944.00
2946.00
2949.00
2938.00
2943.00
2953.00
2951.00
2959.00
2942.00
2952.00
2955.00
2968.00
2960.00
2961.00
2955.00
2934.00
2951.00
2945.00
2929.00
2922.00
2910.00
2940.00
2935.00
2938.00
2945.00
2934.00
2958.00
2944.00
2940.00
2970.00
2958.00
2936.00
2942.00
2947.00
2946.00
2938.00
2968.00
2927.00
2926.00
2933.00
2922.00
2939.00
2903.00
2942.00
2919.00
2920.00
2931.00
2934.00
2926.00
