30.99
31.25
31.31
31.39
31.40
31.60
31.43
31.23
30.78
30.59
30.58
30.94
31.45
32.41
32.87
33.06
33.34
33.18
32.91
32.78
32.85
32.68
32.40
32.18
31.91
32.00
31.93
32.15
32.45
32.23
32.36
32.43
32.42
32.37
32.33
32.54
32.37
32.33
32.40
32.39
32.38
32.45
32.59
33.53
34.00
34.10
34.06
34.14
34.37
34.72
34.62
34.66
34.56
34.56
34.84
35.14
35.24
35.16
34.56
34.66
34.77
34.93
34.94
34.88
34.52
34.70
34.85
34.98
35.25
35.31
35.07
35.03
34.92
34.83
35.32
34.89
35.11
35.09
34.88
35.20
35.30
35.58
35.78
35.88
36.45
36.31
36.81
36.56
36.73
36.73
36.30
36.19
36.40
36.33
36.24
35.64
35.57
35.30
35.70
35.53
35.48
35.09
35.15
35.07
35.29
35.13
35.09
35.52
35.21
35.61
35.25
35.37
35.43
35.25
35.10
35.26
35.19
35.00
35.00
35.06
35.06
34.96
34.66
34.48
34.15
33.87
33.81
33.73
33.65
33.52
33.31
33.40
33.36
33.30
33.26
33.07
33.04
32.52
32.37
32.26
32.53
32.47
32.25
32.25
32.26
32.27
32.21
32.40
32.18
32.30
32.21
32.15
32.25
32.31
32.08
31.80
31.69
31.67
31.54
31.45
31.42
31.13
31.12
30.86
30.53
30.59
30.69
30.54
30.38
29.99
29.62
29.36
28.86
28.57
28.19
27.86
27.41
26.48
25.17
24.99
25.60
25.92
26.20
26.39
26.81
27.24
27.76
28.00
27.81
27.88
27.97
28.18
28.21
28.21
28.41
28.59
29.21
29.98
30.09
30.27
30.12
30.35
30.50
30.66
30.87
30.82
30.96
31.17
31.25
31.43
31.87
32.45
33.06
33.08
32.88
32.97
33.25
33.29
33.44
33.25
33.25
33.73
34.15
34.58
34.77
35.01
34.85
35.15
35.20
35.48
35.85
36.50
36.87
36.82
36.90
37.16
37.26
37.16
36.90
36.76
36.63
36.53
36.66
36.50
36.48
36.25
36.13
35.96
35.86
35.90
36.02
36.23
36.27
36.35
36.57
36.64
36.71
36.68
36.67
36.66
36.74
36.18
36.62
36.54
36.46
36.33
36.26
36.06
35.91
35.78
35.76
35.85
35.93
35.97
36.02
36.05
36.32
36.44
36.39
36.43
36.25
36.01
35.79
35.61
35.27
35.62
35.80
36.04
35.96
35.83
35.78
35.66
35.62
35.65
35.47
35.42
35.01
35.16
34.60
34.72
34.33
34.42
34.54
34.36
33.92
33.81
33.60
33.59
33.21
32.70
31.97
32.03
32.19
32.32
32.13
32.16
32.30
32.30
32.45
32.32
31.83
31.72
31.47
31.37
30.98
30.61
30.38
30.08
29.72
29.41
29.31
28.75
29.09
29.13
29.20
29.25
28.91
28.67
28.54
28.04
27.99
27.78
28.23
28.31
28.25
28.11
28.22
28.41
28.54
28.81
28.93
29.06
28.90
28.91
28.77
28.96
28.93
28.94
28.81
28.75
28.74
28.59
28.66
28.88
28.79
28.85
