12.45
12.53
12.49
12.44
12.47
12.54
12.34
12.51
12.44
12.45
12.53
12.46
12.41
12.38
12.31
12.10
12.15
12.11
12.27
12.23
12.11
12.05
11.98
12.00
11.92
11.77
11.78
11.62
11.63
11.74
11.91
12.11
12.17
12.14
12.10
12.11
12.03
12.14
12.21
12.31
12.36
12.36
12.42
12.34
12.27
12.27
12.25
12.23
12.16
12.18
12.04
12.16
12.27
12.39
12.55
12.62
12.70
12.92
13.34
13.94
14.46
14.23
14.11
14.33
14.61
14.67
14.50
14.56
14.72
14.90
14.99
15.04
15.02
14.97
14.77
14.57
14.62
14.75
14.97
15.23
15.22
15.08
15.14
15.19
15.29
15.43
15.47
15.54
15.66
15.61
15.64
15.66
15.64
15.69
15.76
15.74
15.77
15.70
15.73
15.71
15.75
15.76
15.63
15.65
15.66
15.70
15.80
15.76
15.74
15.75
15.77
15.76
15.91
16.02
16.14
16.31
16.37
16.32
16.38
16.33
16.48
16.79
17.05
17.35
17.60
17.76
17.90
18.25
18.94
19.84
20.13
20.14
20.37
20.82
21.90
23.16
22.90
22.21
22.35
22.86
23.10
22.84
22.78
23.01
22.81
22.48
22.37
22.33
22.51
22.75
22.71
22.30
22.24
22.19
21.90
21.68
21.36
20.93
20.89
21.21
21.64
21.49
21.55
21.78
21.61
21.61
21.53
21.50
21.52
21.27
21.24
21.32
21.35
21.21
21.17
21.16
21.18
21.25
21.35
21.46
21.40
21.35
21.47
21.60
21.84
22.05
22.13
22.06
22.32
22.78
22.79
22.80
22.89
22.87
23.09
22.90
22.91
23.10
23.03
22.94
22.92
22.94
22.91
23.14
23.17
23.30
23.20
23.13
23.27
23.42
23.59
23.60
23.65
23.77
23.84
23.81
24.16
24.10
24.05
24.03
24.12
24.24
24.28
24.38
24.51
24.61
24.91
25.23
25.54
25.87
26.15
26.32
26.43
26.48
26.77
27.32
27.76
27.94
27.68
27.59
27.86
28.12
28.13
28.02
28.01
28.10
28.02
27.71
27.48
27.34
27.10
26.76
26.21
26.45
26.45
26.22
26.34
26.25
26.23
26.21
26.10
25.79
25.05
24.65
24.73
24.94
25.28
25.24
24.98
24.73
24.94
24.90
24.75
24.43
24.32
24.17
23.78
23.04
22.71
22.70
22.69
22.67
22.73
22.67
22.67
22.87
23.02
23.22
23.07
23.12
22.68
22.15
21.38
21.19
20.25
19.62
19.91
19.87
19.82
19.71
19.02
18.16
17.99
17.38
16.52
16.61
16.98
17.08
17.16
17.69
18.20
18.10
17.85
17.22
16.71
16.53
16.06
15.39
15.24
14.89
15.01
15.31
15.38
15.07
15.16
14.72
14.33
14.18
14.06
14.03
14.39
14.77
14.92
15.12
15.15
15.16
15.21
15.34
15.30
15.40
15.20
15.30
15.08
14.77
14.32
14.24
14.24
14.17
14.03
14.02
13.97
14.13
14.30
14.20
14.24
14.33
14.32
14.33
14.48
14.71
14.80
14.53
14.69
14.76
15.32
15.09
