32.41
32.66
32.70
32.82
33.30
33.22
32.88
32.57
32.18
32.00
31.98
32.30
33.00
34.25
34.82
34.84
35.00
34.94
34.80
34.68
34.46
34.39
34.06
33.75
33.40
33.21
33.44
33.52
33.82
33.68
33.65
33.77
33.74
33.69
33.67
33.77
33.72
33.80
33.81
33.66
33.73
33.77
34.02
34.74
35.42
35.58
35.67
35.63
35.98
36.14
36.10
36.18
36.06
36.13
36.12
36.50
36.68
36.56
36.14
36.24
36.32
36.44
36.47
36.46
36.33
36.72
36.95
36.17
36.41
36.34
36.35
36.17
36.18
37.09
37.49
37.12
37.44
37.41
37.57
37.55
37.47
37.78
37.86
38.05
38.30
38.52
38.74
38.46
38.54
38.66
38.75
38.46
38.39
38.20
38.07
37.58
37.44
36.92
37.54
37.11
37.04
36.75
36.50
36.55
36.60
36.46
36.54
36.82
36.64
36.71
36.50
36.59
36.61
36.50
36.42
36.49
36.41
36.33
36.26
36.31
36.19
36.17
35.88
35.81
35.46
35.17
35.13
35.06
34.91
34.83
34.62
34.56
34.46
34.38
34.32
34.23
34.20
33.97
33.77
33.75
33.97
33.85
33.76
33.76
33.27
33.72
33.78
33.77
33.78
33.78
33.64
33.63
33.62
33.40
33.31
33.20
32.92
32.92
32.75
32.80
32.72
32.56
32.43
32.19
32.13
32.06
32.13
32.04
31.82
31.57
31.05
30.77
30.37
30.05
29.63
29.35
28.74
28.04
26.94
26.81
27.32
27.40
27.51
27.60
27.87
28.42
28.91
29.05
29.07
29.18
29.14
29.15
29.41
29.49
29.51
29.79
30.55
31.45
31.52
31.58
31.55
31.74
31.90
31.93
32.05
32.16
32.28
32.53
32.64
32.89
33.32
33.93
34.34
34.51
34.46
34.52
34.57
34.68
34.64
34.54
34.64
35.00
35.42
35.90
36.09
36.23
36.27
36.28
36.34
36.68
37.30
38.09
38.34
38.34
38.22
38.39
38.45
38.40
38.23
37.96
37.85
37.74
37.71
37.65
37.42
37.35
37.19
37.03
36.98
36.93
37.09
37.19
37.31
37.31
37.54
37.57
37.81
37.76
37.82
37.86
37.81
37.72
37.59
37.56
37.49
37.37
37.35
37.11
36.97
36.90
36.92
36.93
36.97
36.97
37.18
37.21
37.29
37.51
37.56
37.53
37.42
37.25
36.89
36.83
36.66
36.78
36.79
36.95
37.07
36.94
36.87
36.87
36.81
36.69
36.59
36.43
36.15
35.99
35.75
35.60
35.42
35.47
35.43
35.31
35.02
34.86
34.69
34.45
34.20
33.67
33.18
33.07
33.39
33.52
33.21
33.21
33.15
33.40
33.43
33.36
33.19
32.79
32.76
32.59
32.20
31.68
31.26
31.06
30.65
30.27
29.93
29.74
29.86
30.08
30.17
30.01
29.93
29.80
29.43
29.05
28.89
28.85
28.89
28.99
28.92
28.87
28.98
29.17
29.48
29.74
29.83
29.81
29.66
29.62
29.60
29.72
29.67
29.64
29.55
29.42
29.41
29.49
29.54
29.48
29.46
29.51
