12.11
12.16
12.16
12.01
12.16
12.13
11.89
12.07
11.98
12.09
12.15
12.09
12.00
11.99
11.85
11.69
11.83
11.78
11.92
11.82
11.78
11.77
11.64
11.67
11.59
11.42
11.45
11.26
11.21
11.40
11.52
11.69
11.79
11.70
11.77
11.71
11.68
11.72
11.78
11.90
11.92
11.93
11.96
11.84
11.83
11.86
11.87
11.86
11.76
11.78
11.62
11.76
11.90
12.00
12.15
12.23
12.32
12.58
12.95
13.54
13.95
13.84
13.70
13.94
14.18
14.30
14.13
14.19
14.31
14.46
14.58
14.61
14.67
14.55
14.38
14.15
14.17
14.31
14.59
14.75
14.68
14.60
14.68
14.78
14.85
14.90
14.98
15.14
15.19
15.08
15.21
15.20
15.20
15.27
15.34
15.29
15.35
15.26
15.33
15.27
15.30
15.34
15.22
15.28
15.24
15.23
15.36
15.29
15.31
15.34
15.35
15.35
15.48
15.66
15.76
15.87
15.93
15.93
15.95
15.94
16.13
16.34
16.67
16.92
17.16
17.31
17.48
17.82
18.47
19.29
19.56
19.64
19.82
20.30
21.41
22.32
22.27
21.60
21.81
22.34
22.56
22.33
22.30
22.54
22.30
22.04
21.90
21.83
22.02
22.19
22.20
21.86
21.76
21.58
21.48
21.16
20.82
20.45
20.41
20.74
21.14
21.00
21.07
21.28
21.18
21.13
21.00
20.99
21.03
20.77
20.82
20.86
20.93
20.74
20.84
20.61
20.71
20.87
20.89
20.95
20.97
20.94
20.93
21.22
21.38
21.59
21.63
21.60
21.84
22.33
22.31
22.30
22.32
22.50
22.73
22.64
22.61
22.72
22.74
22.54
22.53
22.52
22.53
22.69
22.84
22.87
22.81
22.68
22.85
22.96
23.13
23.15
23.18
23.28
23.39
23.44
23.68
23.61
23.55
23.55
23.63
23.79
23.86
24.03
24.03
24.07
24.55
24.76
25.13
25.43
25.64
25.92
26.02
26.04
26.34
26.78
27.28
27.37
27.22
27.07
27.30
27.65
27.60
27.47
27.46
27.56
27.50
27.15
27.02
26.86
26.65
26.22
25.62
25.76
25.82
25.70
25.95
25.73
25.72
25.64
25.59
25.41
24.39
23.96
24.17
24.43
24.74
24.76
24.45
24.21
24.37
24.41
24.18
23.90
23.90
23.65
23.18
22.39
22.11
22.01
22.25
22.18
22.26
22.09
22.11
22.30
22.45
22.65
22.51
22.51
22.11
21.39
20.70
20.54
19.59
18.94
19.29
19.18
19.21
19.17
18.39
17.87
17.37
16.71
16.14
16.08
16.37
16.50
16.61
17.18
17.83
17.45
17.36
16.72
16.22
16.12
15.62
15.11
14.74
14.50
14.61
14.96
14.96
14.75
14.78
14.23
13.91
13.59
13.63
13.56
13.71
14.44
14.41
14.81
14.76
14.93
14.89
15.05
14.86
15.07
14.85
14.78
14.37
14.38
13.91
13.75
13.93
13.75
13.45
13.50
13.56
13.81
13.86
13.92
13.90
13.93
13.71
13.85
13.99
14.10
14.21
14.15
14.31
14.42
14.51
14.75
