12.73
12.61
12.63
12.58
12.65
12.67
12.71
12.76
12.68
12.72
12.67
12.65
12.64
12.64
12.56
12.37
12.32
12.40
12.38
12.24
12.30
12.23
12.15
12.19
12.10
11.98
11.91
11.80
11.78
11.84
12.06
12.29
12.37
12.35
12.39
12.36
12.31
12.32
12.43
12.54
12.64
12.67
12.71
12.68
12.63
12.61
12.53
12.52
12.45
12.41
12.36
12.39
12.51
12.69
12.80
12.92
13.02
13.27
13.77
14.51
14.78
14.52
14.33
14.65
14.75
14.90
14.79
14.82
15.03
15.27
15.45
15.46
15.41
15.26
15.13
14.87
14.84
15.02
15.31
15.64
15.53
15.46
15.50
15.59
15.64
15.70
15.88
15.96
16.01
15.90
15.94
15.91
15.96
16.01
16.02
16.00
16.04
16.03
16.00
15.97
16.06
16.09
16.04
15.98
15.99
16.04
16.03
16.02
16.01
15.99
15.99
16.07
16.22
16.30
16.45
16.62
16.65
16.62
16.68
16.66
16.80
17.14
17.52
17.82
17.96
18.13
18.21
18.75
19.46
20.39
20.52
20.52
20.73
21.48
23.00
23.92
23.35
22.31
22.64
23.71
23.67
23.11
23.18
23.38
23.09
22.88
22.72
22.82
22.77
23.02
23.03
22.73
22.56
22.62
22.42
22.12
21.64
21.12
21.04
21.47
22.02
21.98
21.83
22.00
21.88
21.81
21.80
21.93
21.99
21.58
21.52
21.49
21.60
21.57
21.65
21.60
21.45
21.46
21.66
21.63
21.70
21.73
21.77
21.87
22.14
22.37
22.44
22.43
22.74
23.29
23.21
23.21
23.29
23.56
23.69
23.51
23.49
23.66
23.60
23.37
23.34
23.29
23.39
23.60
23.65
23.68
23.57
23.59
23.72
23.94
24.02
24.04
24.07
24.17
24.29
24.31
24.52
24.53
24.39
24.29
24.38
24.54
24.59
24.82
24.92
25.01
25.34
25.61
25.93
26.28
26.57
26.68
26.67
26.82
27.16
27.73
28.24
28.40
28.18
27.81
28.17
28.59
28.46
28.26
28.54
28.52
28.15
27.80
27.55
27.44
27.50
27.10
26.59
26.67
26.83
26.44
26.55
26.40
26.49
26.44
26.45
26.16
25.42
25.21
25.13
25.31
25.62
25.69
25.35
25.11
25.35
25.22
25.01
24.85
24.63
24.54
24.16
23.36
22.93
23.04
22.92
23.01
23.22
23.23
23.13
23.17
23.48
23.73
23.56
23.57
23.25
22.54
21.87
21.71
21.00
20.27
20.40
20.32
20.25
20.17
19.40
18.69
18.43
17.51
17.09
16.98
17.48
17.53
17.64
18.19
18.70
18.66
18.18
17.64
16.84
16.94
16.45
15.98
15.54
15.20
15.27
15.76
15.70
15.46
15.51
15.08
14.71
14.56
14.38
14.40
14.80
15.17
15.38
15.54
15.54
15.60
16.55
15.72
15.76
15.80
15.65
15.74
15.53
15.10
14.67
14.54
14.61
14.47
14.25
14.27
14.33
14.42
14.53
14.51
14.58
14.53
14.44
14.52
14.79
15.01
14.97
14.91
14.96
15.08
15.49
15.63
